009	BANCO INTERNACIONAL
1000000	 0000001091958,00	 0000000810260,00	 0000000000171,00	 0000000193998,00
1100000	 0000000128191,00	 0000000000000,00	 0000000000000,00	 0000000042487,00
1100100	 0000000002347,00	 0000000000000,00	 0000000000000,00	 0000000010895,00
1100200	 0000000123798,00	 0000000000000,00	 0000000000000,00	 0000000000033,00
1100300	 0000000002046,00	 0000000000000,00	 0000000000000,00	 0000000002349,00
1100400	 0000000000000,00	 0000000000000,00	 0000000000000,00	 0000000029210,00
1130000	 0000000018569,00	 0000000000000,00	 0000000000000,00	 0000000032408,00
1130100	 0000000001875,00	 0000000000000,00	 0000000000000,00	 0000000004067,00
1130200	 0000000016694,00	 0000000000000,00	 0000000000000,00	 0000000028341,00
1150000	 0000000000000,00	 0000000000000,00	 0000000000000,00	 0000000000000,00
1150100	 0000000000000,00	 0000000000000,00	 0000000000000,00	 0000000000000,00
1150200	 0000000000000,00	 0000000000000,00	 0000000000000,00	 0000000000000,00
1150300	 0000000000000,00	 0000000000000,00	 0000000000000,00	 0000000000000,00
1150400	 0000000000000,00	 0000000000000,00	 0000000000000,00	 0000000000000,00
1160000	 0000000031874,00	 0000000000000,00	 0000000000000,00	 0000000000000,00
1160100	 0000000031874,00	 0000000000000,00	 0000000000000,00	 0000000000000,00
1160200	 0000000000000,00	 0000000000000,00	 0000000000000,00	 0000000000000,00
1250000	 0000000081569,00	 0000000006147,00	 0000000000000,00	 0000000000000,00
1250100	 0000000081415,00	 0000000006147,00	 0000000000000,00	 0000000000000,00
1250200	 0000000000154,00	 0000000000000,00	 0000000000000,00	 0000000000000,00
1270000	 0000000000000,00	 0000000000000,00	 0000000000000,00	 0000000000000,00
1270100	 0000000000000,00	 0000000000000,00	 0000000000000,00	 0000000000000,00
1270112	 0000000000000,00	 0000000000000,00	 0000000000000,00	 0000000000000,00
1270113	 0000000000000,00	 0000000000000,00	 0000000000000,00	 0000000000000,00
1270116	 0000000000000,00	 0000000000000,00	 0000000000000,00	 0000000000000,00
1270117	 0000000000000,00	 0000000000000,00	 0000000000000,00	 0000000000000,00
1270118	 0000000000000,00	 0000000000000,00	 0000000000000,00	 0000000000000,00
1270190	 0000000000000,00	 0000000000000,00	 0000000000000,00	 0000000000000,00
1270200	 0000000000000,00	 0000000000000,00	 0000000000000,00	 0000000000000,00
1270202	 0000000000000,00	 0000000000000,00	 0000000000000,00	 0000000000000,00
1270203	 0000000000000,00	 0000000000000,00	 0000000000000,00	 0000000000000,00
1270206	 0000000000000,00	 0000000000000,00	 0000000000000,00	 0000000000000,00
1270207	 0000000000000,00	 0000000000000,00	 0000000000000,00	 0000000000000,00
1270208	 0000000000000,00	 0000000000000,00	 0000000000000,00	 0000000000000,00
1270290	 0000000000000,00	 0000000000000,00	 0000000000000,00	 0000000000000,00
1270300	 0000000000000,00	 0000000000000,00	 0000000000000,00	 0000000000000,00
1300000	 0000000592798,00	 0000000637367,00	 0000000000171,00	 0000000102512,00
1302000	 0000000616613,00	 0000000610012,00	 0000000000171,00	 0000000102437,00
1302100	 0000000530383,00	 0000000467959,00	 0000000000003,00	 0000000040712,00
1302101	 0000000529946,00	 0000000444615,00	 0000000000003,00	 0000000040712,00
1302102	 0000000000000,00	 0000000000000,00	 0000000000000,00	 0000000000000,00
1302170	 0000000000000,00	 0000000003896,00	 0000000000000,00	 0000000000000,00
1302180	 0000000000000,00	 0000000003799,00	 0000000000000,00	 0000000000000,00
1302200	 0000000002520,00	 0000000000000,00	 0000000000000,00	 0000000060913,00
1302201	 0000000002520,00	 0000000000000,00	 0000000000000,00	 0000000031253,00
1302202	 0000000000000,00	 0000000000000,00	 0000000000000,00	 0000000000000,00
1302241	 0000000000000,00	 0000000000000,00	 0000000000000,00	 0000000029660,00
1302242	 0000000000000,00	 0000000000000,00	 0000000000000,00	 0000000000000,00
1302281	 0000000000000,00	 0000000000000,00	 0000000000000,00	 0000000000000,00
1302282	 0000000000000,00	 0000000000000,00	 0000000000000,00	 0000000000000,00
1302300	 0000000020756,00	 0000000000000,00	 0000000000000,00	 0000000000000,00
1302500	 0000000022890,00	 0000000000000,00	 0000000000000,00	 0000000000764,00
1302600	 0000000000000,00	 0000000042467,00	 0000000000000,00	 0000000000000,00
1302601	 0000000000000,00	 0000000038878,00	 0000000000000,00	 0000000000000,00
1302602	 0000000000000,00	 0000000003566,00	 0000000000000,00	 0000000000000,00
1302604	 0000000000000,00	 0000000000023,00	 0000000000000,00	 0000000000000,00
1302800	 0000000036519,00	 0000000099309,00	 0000000000168,00	 0000000000000,00
1302900	 0000000003545,00	 0000000000277,00	 0000000000000,00	 0000000000048,00
1304000	 0000000000000,00	 0000000027122,00	 0000000000000,00	 0000000000000,00
1304100	 0000000000000,00	 0000000014945,00	 0000000000000,00	 0000000000000,00
1304101	 0000000000000,00	 0000000014945,00	 0000000000000,00	 0000000000000,00
1304102	 0000000000000,00	 0000000000000,00	 0000000000000,00	 0000000000000,00
1304200	 0000000000000,00	 0000000010405,00	 0000000000000,00	 0000000000000,00
1304400	 0000000000000,00	 0000000000000,00	 0000000000000,00	 0000000000000,00
1304500	 0000000000000,00	 0000000001772,00	 0000000000000,00	 0000000000000,00
1304600	 0000000000000,00	 0000000000000,00	 0000000000000,00	 0000000000000,00
1304800	 0000000000000,00	 0000000000000,00	 0000000000000,00	 0000000000000,00
1304900	 0000000000000,00	 0000000000000,00	 0000000000000,00	 0000000000000,00
1305000	 0000000005495,00	 0000000000233,00	 0000000000000,00	 0000000000075,00
1305100	 0000000003579,00	 0000000000209,00	 0000000000000,00	 0000000000000,00
1305300	 0000000000983,00	 0000000000000,00	 0000000000000,00	 0000000000000,00
1305400	 0000000000822,00	 0000000000000,00	 0000000000000,00	 0000000000075,00
1305800	 0000000000029,00	 0000000000024,00	 0000000000000,00	 0000000000000,00
1305900	 0000000000082,00	 0000000000000,00	 0000000000000,00	 0000000000000,00
1309000	-0000000029310,00	 0000000000000,00	 0000000000000,00	 0000000000000,00
1309100	-0000000028259,00	 0000000000000,00	 0000000000000,00	 0000000000000,00
1309200	-0000000000451,00	 0000000000000,00	 0000000000000,00	 0000000000000,00
1309300	-0000000000600,00	 0000000000000,00	 0000000000000,00	 0000000000000,00
1350000	 0000000161996,00	 0000000166458,00	 0000000000000,00	 0000000003193,00
1350100	 0000000160555,00	 0000000021312,00	 0000000000000,00	 0000000000000,00
1350200	 0000000001441,00	 0000000145146,00	 0000000000000,00	 0000000003193,00
1350300	 0000000000000,00	 0000000000000,00	 0000000000000,00	 0000000000000,00
1360000	 0000000000000,00	 0000000000000,00	 0000000000000,00	 0000000000000,00
1360100	 0000000000000,00	 0000000000000,00	 0000000000000,00	 0000000000000,00
1360200	 0000000000000,00	 0000000000000,00	 0000000000000,00	 0000000000000,00
1360300	 0000000000000,00	 0000000000000,00	 0000000000000,00	 0000000000000,00
1400000	 0000000000432,00	 0000000000000,00	 0000000000000,00	 0000000000000,00
1400100	 0000000000000,00	 0000000000000,00	 0000000000000,00	 0000000000000,00
1400101	 0000000000000,00	 0000000000000,00	 0000000000000,00	 0000000000000,00
1400103	 0000000000000,00	 0000000000000,00	 0000000000000,00	 0000000000000,00
1400200	 0000000000432,00	 0000000000000,00	 0000000000000,00	 0000000000000,00
1500000	 0000000009600,00	 0000000000000,00	 0000000000000,00	 0000000000000,00
1500100	 0000000000000,00	 0000000000000,00	 0000000000000,00	 0000000000000,00
1500200	 0000000009600,00	 0000000000000,00	 0000000000000,00	 0000000000000,00
1600000	 0000000002713,00	 0000000000000,00	 0000000000000,00	 0000000000000,00
1600100	 0000000001266,00	 0000000000000,00	 0000000000000,00	 0000000000000,00
1600200	 0000000001447,00	 0000000000000,00	 0000000000000,00	 0000000000000,00
1700000	 0000000002767,00	 0000000000000,00	 0000000000000,00	 0000000000000,00
1750000	 0000000011129,00	 0000000000000,00	 0000000000000,00	 0000000000000,00
1800000	 0000000050320,00	 0000000000288,00	 0000000000000,00	 0000000013398,00
1800100	 0000000000001,00	 0000000000093,00	 0000000000000,00	 0000000000000,00
1800200	 0000000001136,00	 0000000000000,00	 0000000000000,00	 0000000000000,00
1800900	 0000000049183,00	 0000000000195,00	 0000000000000,00	 0000000013398,00
2000000	 0000001546938,00	 0000000203941,00	 0000000000187,00	 0000000232299,00
2100000	 0000000103826,00	 0000000001331,00	 0000000000000,00	 0000000014102,00
2100100	 0000000071500,00	 0000000000000,00	 0000000000000,00	 0000000012726,00
2100109	 0000000060277,00	 0000000000000,00	 0000000000000,00	 0000000012317,00
2100110	 0000000010356,00	 0000000000000,00	 0000000000000,00	 0000000000409,00
2100200	 0000000015216,00	 0000000000000,00	 0000000000000,00	 0000000000000,00
2100300	 0000000017110,00	 0000000001331,00	 0000000000000,00	 0000000001376,00
2130000	 0000000028473,00	 0000000000000,00	 0000000000000,00	 0000000016144,00
2160000	 0000000031803,00	 0000000000000,00	 0000000000000,00	 0000000000000,00
2160100	 0000000031803,00	 0000000000000,00	 0000000000000,00	 0000000000000,00
2160200	 0000000000000,00	 0000000000000,00	 0000000000000,00	 0000000000000,00
2200000	 0000001180826,00	 0000000037430,00	 0000000000000,00	 0000000134882,00
2200100	 0000001180698,00	 0000000036488,00	 0000000000000,00	 0000000134882,00
2200200	 0000000000000,00	 0000000000149,00	 0000000000000,00	 0000000000000,00
2200900	 0000000000128,00	 0000000000793,00	 0000000000000,00	 0000000000000,00
2250000	 0000000076004,00	 0000000000061,00	 0000000000000,00	 0000000000000,00
2250100	 0000000075938,00	 0000000000061,00	 0000000000000,00	 0000000000000,00
2250200	 0000000000066,00	 0000000000000,00	 0000000000000,00	 0000000000000,00
2300000	 0000000015001,00	 0000000000000,00	 0000000000000,00	 0000000056365,00
2301000	 0000000015001,00	 0000000000000,00	 0000000000000,00	 0000000000000,00
2301001	 0000000015001,00	 0000000000000,00	 0000000000000,00	 0000000000000,00
2302000	 0000000000000,00	 0000000000000,00	 0000000000000,00	 0000000056365,00
2302100	 0000000000000,00	 0000000000000,00	 0000000000000,00	 0000000056365,00
2302200	 0000000000000,00	 0000000000000,00	 0000000000000,00	 0000000000000,00
2303000	 0000000000000,00	 0000000000000,00	 0000000000000,00	 0000000000000,00
2303100	 0000000000000,00	 0000000000000,00	 0000000000000,00	 0000000000000,00
2303900	 0000000000000,00	 0000000000000,00	 0000000000000,00	 0000000000000,00
2400000	 0000000052140,00	 0000000159702,00	 0000000000000,00	 0000000000000,00
2401000	 0000000000000,00	 0000000018580,00	 0000000000000,00	 0000000000000,00
2402000	 0000000052140,00	 0000000141122,00	 0000000000000,00	 0000000000000,00
2402100	 0000000052140,00	 0000000054141,00	 0000000000000,00	 0000000000000,00
2402200	 0000000000000,00	 0000000086981,00	 0000000000000,00	 0000000000000,00
2402300	 0000000000000,00	 0000000000000,00	 0000000000000,00	 0000000000000,00
2500000	 0000000000290,00	 0000000004755,00	 0000000000187,00	 0000000000000,00
2500100	 0000000000217,00	 0000000004755,00	 0000000000187,00	 0000000000000,00
2500200	 0000000000073,00	 0000000000000,00	 0000000000000,00	 0000000000000,00
2500300	 0000000000000,00	 0000000000000,00	 0000000000000,00	 0000000000000,00
2600000	 0000000004165,00	 0000000000000,00	 0000000000000,00	 0000000000000,00
2650000	 0000000000825,00	 0000000000000,00	 0000000000000,00	 0000000000000,00
2700000	 0000000004057,00	 0000000000000,00	 0000000000000,00	 0000000000000,00
2700100	 0000000000719,00	 0000000000000,00	 0000000000000,00	 0000000000000,00
2700200	 0000000002050,00	 0000000000000,00	 0000000000000,00	 0000000000000,00
2700300	 0000000001183,00	 0000000000000,00	 0000000000000,00	 0000000000000,00
2700400	 0000000000105,00	 0000000000000,00	 0000000000000,00	 0000000000000,00
2700401	 0000000000000,00	 0000000000000,00	 0000000000000,00	 0000000000000,00
2700402	 0000000000000,00	 0000000000000,00	 0000000000000,00	 0000000000000,00
2700411	 0000000000082,00	 0000000000000,00	 0000000000000,00	 0000000000000,00
2700412	 0000000000000,00	 0000000000000,00	 0000000000000,00	 0000000000000,00
2700413	 0000000000000,00	 0000000000000,00	 0000000000000,00	 0000000000000,00
2700421	 0000000000000,00	 0000000000000,00	 0000000000000,00	 0000000000000,00
2700422	 0000000000000,00	 0000000000000,00	 0000000000000,00	 0000000000000,00
2700423	 0000000000000,00	 0000000000000,00	 0000000000000,00	 0000000000000,00
2700490	 0000000000023,00	 0000000000000,00	 0000000000000,00	 0000000000000,00
2800000	 0000000049528,00	 0000000000662,00	 0000000000000,00	 0000000010806,00
3000000	 0000000113022,00	 0000000000000,00	 0000000000000,00	 0000000000000,00
3101000	 0000000093284,00	 0000000000000,00	 0000000000000,00	 0000000000000,00
3102000	 0000000006547,00	 0000000000000,00	 0000000000000,00	 0000000000000,00
3103000	-0000000000118,00	 0000000000000,00	 0000000000000,00	 0000000000000,00
3104000	 0000000013309,00	 0000000000000,00	 0000000000000,00	 0000000000000,00
3104100	 0000000008525,00	 0000000000000,00	 0000000000000,00	 0000000000000,00
3104200	 0000000006835,00	 0000000000000,00	 0000000000000,00	 0000000000000,00
3104300	-0000000002051,00	 0000000000000,00	 0000000000000,00	 0000000000000,00
3200000	 0000000000000,00	 0000000000000,00	 0000000000000,00	 0000000000000,00
5001000	 0000000113022,00	 0000000000000,00	 0000000000000,00	 0000000000000,00
5002000	 0000001659960,00	 0000000203941,00	 0000000000187,00	 0000000232299,00
5100000	 0000000622108,00	 0000000637367,00	 0000000000171,00	 0000000102512,00
