031	HSBC BANK (CHILE)
1000000	 0000000664402,00	 0000000166324,00	 0000000000000,00	 0000000464354,00
1100000	 0000000039875,00	 0000000000000,00	 0000000000000,00	 0000000166313,00
1100100	 0000000000125,00	 0000000000000,00	 0000000000000,00	 0000000000128,00
1100200	 0000000039693,00	 0000000000000,00	 0000000000000,00	 0000000102101,00
1100300	 0000000000057,00	 0000000000000,00	 0000000000000,00	 0000000000016,00
1100400	 0000000000000,00	 0000000000000,00	 0000000000000,00	 0000000064068,00
1130000	 0000000112917,00	 0000000000000,00	 0000000000000,00	 0000000162355,00
1130100	 0000000000329,00	 0000000000000,00	 0000000000000,00	 0000000001436,00
1130200	 0000000112588,00	 0000000000000,00	 0000000000000,00	 0000000160919,00
1150000	 0000000120750,00	 0000000009899,00	 0000000000000,00	 0000000006298,00
1150100	 0000000120750,00	 0000000009899,00	 0000000000000,00	 0000000000000,00
1150200	 0000000000000,00	 0000000000000,00	 0000000000000,00	 0000000000000,00
1150300	 0000000000000,00	 0000000000000,00	 0000000000000,00	 0000000006298,00
1150400	 0000000000000,00	 0000000000000,00	 0000000000000,00	 0000000000000,00
1160000	 0000000000000,00	 0000000000000,00	 0000000000000,00	 0000000000000,00
1160100	 0000000000000,00	 0000000000000,00	 0000000000000,00	 0000000000000,00
1160200	 0000000000000,00	 0000000000000,00	 0000000000000,00	 0000000000000,00
1250000	 0000000089471,00	 0000000000000,00	 0000000000000,00	 0000000000000,00
1250100	 0000000089471,00	 0000000000000,00	 0000000000000,00	 0000000000000,00
1250200	 0000000000000,00	 0000000000000,00	 0000000000000,00	 0000000000000,00
1270000	 0000000000000,00	 0000000000000,00	 0000000000000,00	 0000000000000,00
1270100	 0000000000000,00	 0000000000000,00	 0000000000000,00	 0000000000000,00
1270112	 0000000000000,00	 0000000000000,00	 0000000000000,00	 0000000000000,00
1270113	 0000000000000,00	 0000000000000,00	 0000000000000,00	 0000000000000,00
1270116	 0000000000000,00	 0000000000000,00	 0000000000000,00	 0000000000000,00
1270117	 0000000000000,00	 0000000000000,00	 0000000000000,00	 0000000000000,00
1270118	 0000000000000,00	 0000000000000,00	 0000000000000,00	 0000000000000,00
1270190	 0000000000000,00	 0000000000000,00	 0000000000000,00	 0000000000000,00
1270200	 0000000000000,00	 0000000000000,00	 0000000000000,00	 0000000000000,00
1270202	 0000000000000,00	 0000000000000,00	 0000000000000,00	 0000000000000,00
1270203	 0000000000000,00	 0000000000000,00	 0000000000000,00	 0000000000000,00
1270206	 0000000000000,00	 0000000000000,00	 0000000000000,00	 0000000000000,00
1270207	 0000000000000,00	 0000000000000,00	 0000000000000,00	 0000000000000,00
1270208	 0000000000000,00	 0000000000000,00	 0000000000000,00	 0000000000000,00
1270290	 0000000000000,00	 0000000000000,00	 0000000000000,00	 0000000000000,00
1270300	 0000000000000,00	 0000000000000,00	 0000000000000,00	 0000000000000,00
1300000	 0000000066248,00	 0000000012098,00	 0000000000000,00	 0000000091900,00
1302000	 0000000073078,00	 0000000012098,00	 0000000000000,00	 0000000091900,00
1302100	 0000000067998,00	 0000000012098,00	 0000000000000,00	 0000000069158,00
1302101	 0000000067998,00	 0000000012098,00	 0000000000000,00	 0000000041996,00
1302102	 0000000000000,00	 0000000000000,00	 0000000000000,00	 0000000027162,00
1302170	 0000000000000,00	 0000000000000,00	 0000000000000,00	 0000000000000,00
1302180	 0000000000000,00	 0000000000000,00	 0000000000000,00	 0000000000000,00
1302200	 0000000000000,00	 0000000000000,00	 0000000000000,00	 0000000022742,00
1302201	 0000000000000,00	 0000000000000,00	 0000000000000,00	 0000000000000,00
1302202	 0000000000000,00	 0000000000000,00	 0000000000000,00	 0000000022742,00
1302241	 0000000000000,00	 0000000000000,00	 0000000000000,00	 0000000000000,00
1302242	 0000000000000,00	 0000000000000,00	 0000000000000,00	 0000000000000,00
1302281	 0000000000000,00	 0000000000000,00	 0000000000000,00	 0000000000000,00
1302282	 0000000000000,00	 0000000000000,00	 0000000000000,00	 0000000000000,00
1302300	 0000000005080,00	 0000000000000,00	 0000000000000,00	 0000000000000,00
1302500	 0000000000000,00	 0000000000000,00	 0000000000000,00	 0000000000000,00
1302600	 0000000000000,00	 0000000000000,00	 0000000000000,00	 0000000000000,00
1302601	 0000000000000,00	 0000000000000,00	 0000000000000,00	 0000000000000,00
1302602	 0000000000000,00	 0000000000000,00	 0000000000000,00	 0000000000000,00
1302604	 0000000000000,00	 0000000000000,00	 0000000000000,00	 0000000000000,00
1302800	 0000000000000,00	 0000000000000,00	 0000000000000,00	 0000000000000,00
1302900	 0000000000000,00	 0000000000000,00	 0000000000000,00	 0000000000000,00
1304000	 0000000000000,00	 0000000000000,00	 0000000000000,00	 0000000000000,00
1304100	 0000000000000,00	 0000000000000,00	 0000000000000,00	 0000000000000,00
1304101	 0000000000000,00	 0000000000000,00	 0000000000000,00	 0000000000000,00
1304102	 0000000000000,00	 0000000000000,00	 0000000000000,00	 0000000000000,00
1304200	 0000000000000,00	 0000000000000,00	 0000000000000,00	 0000000000000,00
1304400	 0000000000000,00	 0000000000000,00	 0000000000000,00	 0000000000000,00
1304500	 0000000000000,00	 0000000000000,00	 0000000000000,00	 0000000000000,00
1304600	 0000000000000,00	 0000000000000,00	 0000000000000,00	 0000000000000,00
1304800	 0000000000000,00	 0000000000000,00	 0000000000000,00	 0000000000000,00
1304900	 0000000000000,00	 0000000000000,00	 0000000000000,00	 0000000000000,00
1305000	 0000000000156,00	 0000000000000,00	 0000000000000,00	 0000000000000,00
1305100	 0000000000156,00	 0000000000000,00	 0000000000000,00	 0000000000000,00
1305300	 0000000000000,00	 0000000000000,00	 0000000000000,00	 0000000000000,00
1305400	 0000000000000,00	 0000000000000,00	 0000000000000,00	 0000000000000,00
1305800	 0000000000000,00	 0000000000000,00	 0000000000000,00	 0000000000000,00
1305900	 0000000000000,00	 0000000000000,00	 0000000000000,00	 0000000000000,00
1309000	-0000000006986,00	 0000000000000,00	 0000000000000,00	 0000000000000,00
1309100	-0000000006985,00	 0000000000000,00	 0000000000000,00	 0000000000000,00
1309200	 0000000000000,00	 0000000000000,00	 0000000000000,00	 0000000000000,00
1309300	-0000000000001,00	 0000000000000,00	 0000000000000,00	 0000000000000,00
1350000	 0000000227346,00	 0000000144325,00	 0000000000000,00	 0000000037180,00
1350100	 0000000089256,00	 0000000144325,00	 0000000000000,00	 0000000000000,00
1350200	 0000000138090,00	 0000000000000,00	 0000000000000,00	 0000000000000,00
1350300	 0000000000000,00	 0000000000000,00	 0000000000000,00	 0000000037180,00
1360000	 0000000000000,00	 0000000000000,00	 0000000000000,00	 0000000000000,00
1360100	 0000000000000,00	 0000000000000,00	 0000000000000,00	 0000000000000,00
1360200	 0000000000000,00	 0000000000000,00	 0000000000000,00	 0000000000000,00
1360300	 0000000000000,00	 0000000000000,00	 0000000000000,00	 0000000000000,00
1400000	 0000000000274,00	 0000000000000,00	 0000000000000,00	 0000000000000,00
1400100	 0000000000000,00	 0000000000000,00	 0000000000000,00	 0000000000000,00
1400101	 0000000000000,00	 0000000000000,00	 0000000000000,00	 0000000000000,00
1400103	 0000000000000,00	 0000000000000,00	 0000000000000,00	 0000000000000,00
1400200	 0000000000274,00	 0000000000000,00	 0000000000000,00	 0000000000000,00
1500000	 0000000000196,00	 0000000000000,00	 0000000000000,00	 0000000000000,00
1500100	 0000000000000,00	 0000000000000,00	 0000000000000,00	 0000000000000,00
1500200	 0000000000196,00	 0000000000000,00	 0000000000000,00	 0000000000000,00
1600000	 0000000001306,00	 0000000000000,00	 0000000000000,00	 0000000000000,00
1600100	 0000000000000,00	 0000000000000,00	 0000000000000,00	 0000000000000,00
1600200	 0000000001306,00	 0000000000000,00	 0000000000000,00	 0000000000000,00
1700000	 0000000000481,00	 0000000000000,00	 0000000000000,00	 0000000000000,00
1750000	 0000000004965,00	 0000000000000,00	 0000000000000,00	 0000000000000,00
1800000	 0000000000573,00	 0000000000002,00	 0000000000000,00	 0000000000308,00
1800100	 0000000000000,00	 0000000000000,00	 0000000000000,00	 0000000000000,00
1800200	 0000000000000,00	 0000000000000,00	 0000000000000,00	 0000000000000,00
1800900	 0000000000573,00	 0000000000002,00	 0000000000000,00	 0000000000308,00
2000000	 0000000702842,00	 0000000013165,00	 0000000000000,00	 0000000488344,00
2100000	 0000000062598,00	 0000000000113,00	 0000000000000,00	 0000000048607,00
2100100	 0000000061157,00	 0000000000000,00	 0000000000000,00	 0000000046758,00
2100109	 0000000061157,00	 0000000000000,00	 0000000000000,00	 0000000046758,00
2100110	 0000000000000,00	 0000000000000,00	 0000000000000,00	 0000000000000,00
2100200	 0000000000116,00	 0000000000000,00	 0000000000000,00	 0000000000145,00
2100300	 0000000001325,00	 0000000000113,00	 0000000000000,00	 0000000001704,00
2130000	 0000000135098,00	 0000000000000,00	 0000000000000,00	 0000000145224,00
2160000	 0000000000000,00	 0000000000000,00	 0000000000000,00	 0000000000000,00
2160100	 0000000000000,00	 0000000000000,00	 0000000000000,00	 0000000000000,00
2160200	 0000000000000,00	 0000000000000,00	 0000000000000,00	 0000000000000,00
2200000	 0000000392884,00	 0000000013051,00	 0000000000000,00	 0000000294299,00
2200100	 0000000392884,00	 0000000013051,00	 0000000000000,00	 0000000294299,00
2200200	 0000000000000,00	 0000000000000,00	 0000000000000,00	 0000000000000,00
2200900	 0000000000000,00	 0000000000000,00	 0000000000000,00	 0000000000000,00
2250000	 0000000105558,00	 0000000000000,00	 0000000000000,00	 0000000000000,00
2250100	 0000000105558,00	 0000000000000,00	 0000000000000,00	 0000000000000,00
2250200	 0000000000000,00	 0000000000000,00	 0000000000000,00	 0000000000000,00
2300000	 0000000000000,00	 0000000000000,00	 0000000000000,00	 0000000000000,00
2301000	 0000000000000,00	 0000000000000,00	 0000000000000,00	 0000000000000,00
2301001	 0000000000000,00	 0000000000000,00	 0000000000000,00	 0000000000000,00
2302000	 0000000000000,00	 0000000000000,00	 0000000000000,00	 0000000000000,00
2302100	 0000000000000,00	 0000000000000,00	 0000000000000,00	 0000000000000,00
2302200	 0000000000000,00	 0000000000000,00	 0000000000000,00	 0000000000000,00
2303000	 0000000000000,00	 0000000000000,00	 0000000000000,00	 0000000000000,00
2303100	 0000000000000,00	 0000000000000,00	 0000000000000,00	 0000000000000,00
2303900	 0000000000000,00	 0000000000000,00	 0000000000000,00	 0000000000000,00
2400000	 0000000000000,00	 0000000000000,00	 0000000000000,00	 0000000000000,00
2401000	 0000000000000,00	 0000000000000,00	 0000000000000,00	 0000000000000,00
2402000	 0000000000000,00	 0000000000000,00	 0000000000000,00	 0000000000000,00
2402100	 0000000000000,00	 0000000000000,00	 0000000000000,00	 0000000000000,00
2402200	 0000000000000,00	 0000000000000,00	 0000000000000,00	 0000000000000,00
2402300	 0000000000000,00	 0000000000000,00	 0000000000000,00	 0000000000000,00
2500000	 0000000000039,00	 0000000000000,00	 0000000000000,00	 0000000000000,00
2500100	 0000000000000,00	 0000000000000,00	 0000000000000,00	 0000000000000,00
2500200	 0000000000039,00	 0000000000000,00	 0000000000000,00	 0000000000000,00
2500300	 0000000000000,00	 0000000000000,00	 0000000000000,00	 0000000000000,00
2600000	 0000000000000,00	 0000000000000,00	 0000000000000,00	 0000000000000,00
2650000	 0000000000065,00	 0000000000000,00	 0000000000000,00	 0000000000000,00
2700000	 0000000004909,00	 0000000000000,00	 0000000000000,00	 0000000000000,00
2700100	 0000000001639,00	 0000000000000,00	 0000000000000,00	 0000000000000,00
2700200	 0000000001009,00	 0000000000000,00	 0000000000000,00	 0000000000000,00
2700300	 0000000001242,00	 0000000000000,00	 0000000000000,00	 0000000000000,00
2700400	 0000000001019,00	 0000000000000,00	 0000000000000,00	 0000000000000,00
2700401	 0000000001019,00	 0000000000000,00	 0000000000000,00	 0000000000000,00
2700402	 0000000000000,00	 0000000000000,00	 0000000000000,00	 0000000000000,00
2700411	 0000000000000,00	 0000000000000,00	 0000000000000,00	 0000000000000,00
2700412	 0000000000000,00	 0000000000000,00	 0000000000000,00	 0000000000000,00
2700413	 0000000000000,00	 0000000000000,00	 0000000000000,00	 0000000000000,00
2700421	 0000000000000,00	 0000000000000,00	 0000000000000,00	 0000000000000,00
2700422	 0000000000000,00	 0000000000000,00	 0000000000000,00	 0000000000000,00
2700423	 0000000000000,00	 0000000000000,00	 0000000000000,00	 0000000000000,00
2700490	 0000000000000,00	 0000000000000,00	 0000000000000,00	 0000000000000,00
2800000	 0000000001691,00	 0000000000001,00	 0000000000000,00	 0000000000214,00
3000000	-0000000038440,00	 0000000153159,00	 0000000000000,00	-0000000023990,00
3101000	 0000000083103,00	 0000000000000,00	 0000000000000,00	 0000000000000,00
3102000	 0000000000000,00	 0000000000000,00	 0000000000000,00	 0000000000000,00
3103000	-0000000000228,00	-0000000000333,00	 0000000000000,00	-0000000001387,00
3104000	-0000000121315,00	 0000000153492,00	 0000000000000,00	-0000000022603,00
3104100	 0000000007220,00	 0000000000000,00	 0000000000000,00	 0000000000000,00
3104200	-0000000127526,00	 0000000153492,00	 0000000000000,00	-0000000022603,00
3104300	-0000000001009,00	 0000000000000,00	 0000000000000,00	 0000000000000,00
3200000	 0000000000000,00	 0000000000000,00	 0000000000000,00	 0000000000000,00
5001000	-0000000038440,00	 0000000153159,00	 0000000000000,00	-0000000023990,00
5002000	 0000000664402,00	 0000000166324,00	 0000000000000,00	 0000000464354,00
5100000	 0000000073234,00	 0000000012098,00	 0000000000000,00	 0000000091900,00
