999	SISTEMA FINANCIERO
1000000	 0000101524748,00	 0000083127057,00	 0000000627263,00	 0000046747765,00
1100000	 0000005698410,00	 0000000000000,00	 0000000000022,00	 0000005949355,00
1100100	 0000002425045,00	 0000000000000,00	 0000000000000,00	 0000000496529,00
1100200	 0000003197013,00	 0000000000000,00	 0000000000000,00	 0000000950546,00
1100300	 0000000076172,00	 0000000000000,00	 0000000000000,00	 0000000018918,00
1100400	 0000000000180,00	 0000000000000,00	 0000000000022,00	 0000004483362,00
1130000	 0000002590588,00	 0000000000000,00	 0000000000000,00	 0000002264572,00
1130100	 0000000585190,00	 0000000000000,00	 0000000000000,00	 0000000093668,00
1130200	 0000002005398,00	 0000000000000,00	 0000000000000,00	 0000002170904,00
1150000	 0000005853662,00	 0000002322488,00	 0000000000000,00	 0000000107722,00
1150100	 0000002783037,00	 0000001600941,00	 0000000000000,00	 0000000000000,00
1150200	 0000002759397,00	 0000000721243,00	 0000000000000,00	 0000000007342,00
1150300	 0000000000308,00	 0000000000304,00	 0000000000000,00	 0000000077767,00
1150400	 0000000310920,00	 0000000000000,00	 0000000000000,00	 0000000022613,00
1160000	 0000000782176,00	 0000000000000,00	 0000000000000,00	 0000000065204,00
1160100	 0000000000000,00	 0000000000000,00	 0000000000000,00	 0000000000000,00
1160200	 0000000782176,00	 0000000000000,00	 0000000000000,00	 0000000065204,00
1250000	 0000008328412,00	 0000000198630,00	 0000000000000,00	 0000000466006,00
1250100	 0000007966936,00	 0000000185686,00	 0000000000000,00	 0000000441837,00
1250200	 0000000361476,00	 0000000012944,00	 0000000000000,00	 0000000024169,00
1270000	 0000000888296,00	 0000000000000,00	 0000000000000,00	 0000001285510,00
1270100	 0000000000586,00	 0000000000000,00	 0000000000000,00	 0000000010477,00
1270112	 0000000000000,00	 0000000000000,00	 0000000000000,00	 0000000001300,00
1270113	 0000000000600,00	 0000000000000,00	 0000000000000,00	 0000000004745,00
1270116	 0000000000000,00	 0000000000000,00	 0000000000000,00	 0000000004500,00
1270117	 0000000000000,00	 0000000000000,00	 0000000000000,00	 0000000000000,00
1270118	 0000000000000,00	 0000000000000,00	 0000000000000,00	 0000000000000,00
1270190	-0000000000015,00	 0000000000000,00	 0000000000000,00	-0000000000068,00
1270200	-0000000001810,00	 0000000000000,00	 0000000000000,00	 0000001275033,00
1270202	 0000000000000,00	 0000000000000,00	 0000000000000,00	 0000000019867,00
1270203	 0000000000000,00	 0000000000000,00	 0000000000000,00	 0000000946452,00
1270206	 0000000000000,00	 0000000000000,00	 0000000000000,00	 0000000090998,00
1270207	 0000000000000,00	 0000000000000,00	 0000000000000,00	 0000000000000,00
1270208	 0000000000000,00	 0000000000000,00	 0000000000000,00	 0000000045902,00
1270290	-0000000001810,00	 0000000000000,00	 0000000000000,00	-0000000001931,00
1270300	 0000000889520,00	 0000000000000,00	 0000000000000,00	 0000000000000,00
1300000	 0000056844791,00	 0000076919928,00	 0000000534139,00	 0000028343728,00
1302000	 0000039650762,00	 0000030813137,00	 0000000534139,00	 0000025599103,00
1302100	 0000033633610,00	 0000023518994,00	 0000000070575,00	 0000017153120,00
1302101	 0000033632457,00	 0000022504335,00	 0000000070575,00	 0000008036381,00
1302102	 0000000000000,00	 0000000000000,00	 0000000000000,00	 0000006397328,00
1302170	 0000000000075,00	 0000000219987,00	 0000000000000,00	 0000000000000,00
1302180	 0000000000612,00	 0000000753143,00	 0000000000000,00	 0000002719411,00
1302200	 0000000693460,00	 0000000043108,00	 0000000000074,00	 0000006876196,00
1302201	 0000000002515,00	 0000000000000,00	 0000000000000,00	 0000000044276,00
1302202	 0000000510563,00	 0000000041417,00	 0000000000000,00	 0000003908285,00
1302241	 0000000016344,00	 0000000000252,00	 0000000000062,00	 0000000569030,00
1302242	 0000000164038,00	 0000000001439,00	 0000000000012,00	 0000002221795,00
1302281	 0000000000000,00	 0000000000000,00	 0000000000000,00	 0000000050534,00
1302282	 0000000000000,00	 0000000000000,00	 0000000000000,00	 0000000082276,00
1302300	 0000001062894,00	 0000000000000,00	 0000000000000,00	 0000000022687,00
1302500	 0000001679156,00	 0000000245369,00	 0000000000000,00	 0000000745034,00
1302600	 0000000007812,00	 0000002944074,00	 0000000000000,00	 0000000000000,00
1302601	 0000000001206,00	 0000002706729,00	 0000000000000,00	 0000000000000,00
1302602	 0000000000021,00	 0000000067068,00	 0000000000000,00	 0000000000000,00
1302604	 0000000006585,00	 0000000170277,00	 0000000000000,00	 0000000000000,00
1302800	 0000002245170,00	 0000004044427,00	 0000000461328,00	 0000000773818,00
1302900	 0000000328660,00	 0000000017165,00	 0000000002162,00	 0000000028248,00
1304000	 0000000090521,00	 0000045910903,00	 0000000000000,00	 0000001891524,00
1304100	 0000000000015,00	 0000000931539,00	 0000000000000,00	 0000000000000,00
1304101	 0000000000015,00	 0000000928451,00	 0000000000000,00	 0000000000000,00
1304102	 0000000000000,00	 0000000003088,00	 0000000000000,00	 0000000000000,00
1304200	 0000000000670,00	 0000001760894,00	 0000000000000,00	 0000001300227,00
1304400	 0000000000000,00	 0000000096451,00	 0000000000000,00	 0000000000000,00
1304500	 0000000051616,00	 0000042934685,00	 0000000000000,00	 0000000275468,00
1304600	 0000000000000,00	 0000000000006,00	 0000000000000,00	 0000000000000,00
1304800	 0000000036591,00	 0000000025540,00	 0000000000000,00	 0000000315829,00
1304900	 0000000001629,00	 0000000161788,00	 0000000000000,00	 0000000000000,00
1305000	 0000020707113,00	 0000000196034,00	 0000000000000,00	 0000001219691,00
1305100	 0000013861240,00	 0000000193351,00	 0000000000000,00	 0000000836375,00
1305300	 0000001270509,00	 0000000000000,00	 0000000000000,00	 0000000003392,00
1305400	 0000005568027,00	 0000000000000,00	 0000000000000,00	 0000000284257,00
1305800	 0000000004979,00	 0000000002683,00	 0000000000000,00	 0000000007831,00
1305900	 0000000002358,00	 0000000000000,00	 0000000000000,00	 0000000087836,00
1309000	-0000003603605,00	-0000000000146,00	 0000000000000,00	-0000000366590,00
1309100	-0000001905086,00	-0000000000076,00	 0000000000000,00	-0000000271486,00
1309200	-0000000355550,00	-0000000000070,00	 0000000000000,00	-0000000025109,00
1309300	-0000001342969,00	 0000000000000,00	 0000000000000,00	-0000000069995,00
1350000	 0000011918369,00	 0000003533117,00	 0000000000000,00	 0000005619310,00
1350100	 0000007980022,00	 0000002331282,00	 0000000000000,00	 0000000308829,00
1350200	 0000003938081,00	 0000001201835,00	 0000000000000,00	 0000000207106,00
1350300	 0000000000266,00	 0000000000000,00	 0000000000000,00	 0000005103375,00
1360000	 0000000003608,00	 0000000029571,00	 0000000000000,00	 0000000291088,00
1360100	 0000000000000,00	 0000000025754,00	 0000000000000,00	 0000000000000,00
1360200	 0000000003608,00	 0000000003817,00	 0000000000000,00	 0000000030680,00
1360300	 0000000000000,00	 0000000000000,00	 0000000000000,00	 0000000260408,00
1400000	 0000000184091,00	 0000000000000,00	 0000000000000,00	 0000000004530,00
1400100	 0000000108020,00	 0000000000000,00	 0000000000000,00	 0000000000000,00
1400101	 0000000000000,00	 0000000000000,00	 0000000000000,00	 0000000000000,00
1400103	 0000000108020,00	 0000000000000,00	 0000000000000,00	 0000000000000,00
1400200	 0000000076071,00	 0000000000000,00	 0000000000000,00	 0000000004530,00
1500000	 0000002121354,00	 0000000000000,00	 0000000049783,00	 0000000327613,00
1500100	 0000001198822,00	 0000000000000,00	 0000000010235,00	 0000000098440,00
1500200	 0000000922532,00	 0000000000000,00	 0000000039548,00	 0000000229173,00
1600000	 0000001342238,00	 0000000000000,00	 0000000000000,00	 0000000107582,00
1600100	 0000000902048,00	 0000000000000,00	 0000000000000,00	 0000000087033,00
1600200	 0000000440190,00	 0000000000000,00	 0000000000000,00	 0000000020549,00
1700000	 0000000199032,00	 0000000000000,00	 0000000000000,00	 0000000048936,00
1750000	 0000002092519,00	 0000000000000,00	 0000000000000,00	 0000000054703,00
1800000	 0000002677202,00	 0000000123323,00	 0000000043319,00	 0000001811906,00
1800100	 0000000251783,00	 0000000090518,00	 0000000012749,00	 0000000028307,00
1800200	 0000000090962,00	 0000000000000,00	 0000000000000,00	 0000000004512,00
1800900	 0000002334457,00	 0000000032805,00	 0000000030570,00	 0000001779087,00
2000000	 0000114982402,00	 0000045252702,00	 0000000136986,00	 0000052544161,00
2100000	 0000033239573,00	 0000000968168,00	 0000000000062,00	 0000012110421,00
2100100	 0000025743857,00	 0000000000000,00	 0000000000000,00	 0000010084698,00
2100109	 0000017386307,00	 0000000000000,00	 0000000000000,00	 0000008994768,00
2100110	 0000008332081,00	 0000000000000,00	 0000000000000,00	 0000001078023,00
2100200	 0000004515787,00	 0000000000000,00	 0000000000000,00	 0000001338699,00
2100300	 0000002979929,00	 0000000968168,00	 0000000000062,00	 0000000687024,00
2130000	 0000002175486,00	 0000000000002,00	 0000000000000,00	 0000001905352,00
2160000	 0000002691680,00	 0000000004568,00	 0000000000000,00	 0000001090737,00
2160100	 0000000108222,00	 0000000000000,00	 0000000000000,00	 0000000000000,00
2160200	 0000002583458,00	 0000000004568,00	 0000000000000,00	 0000001090737,00
2200000	 0000060346875,00	 0000009453230,00	 0000000000003,00	 0000016185782,00
2200100	 0000057923460,00	 0000006405529,00	 0000000000003,00	 0000015706390,00
2200200	 0000001855349,00	 0000003020310,00	 0000000000000,00	 0000000019869,00
2200900	 0000000568066,00	 0000000027391,00	 0000000000000,00	 0000000459523,00
2250000	 0000008309904,00	 0000000425195,00	 0000000000000,00	 0000000387089,00
2250100	 0000007539276,00	 0000000211383,00	 0000000000000,00	 0000000357294,00
2250200	 0000000770628,00	 0000000213812,00	 0000000000000,00	 0000000029795,00
2300000	 0000000299627,00	 0000000005734,00	 0000000025988,00	 0000010950282,00
2301000	 0000000299523,00	 0000000005730,00	 0000000025969,00	 0000001035833,00
2301001	 0000000062681,00	 0000000000000,00	 0000000000000,00	 0000001035833,00
2302000	 0000000000104,00	 0000000000000,00	 0000000000019,00	 0000009914449,00
2302100	 0000000000053,00	 0000000000000,00	 0000000000019,00	 0000004507004,00
2302200	 0000000000051,00	 0000000000000,00	 0000000000000,00	 0000005407445,00
2303000	 0000000000000,00	 0000000000004,00	 0000000000000,00	 0000000000000,00
2303100	 0000000000000,00	 0000000000000,00	 0000000000000,00	 0000000000000,00
2303900	 0000000000000,00	 0000000000004,00	 0000000000000,00	 0000000000000,00
2400000	 0000002760619,00	 0000033913888,00	 0000000000000,00	 0000007803447,00
2401000	 0000000000000,00	 0000001103488,00	 0000000000000,00	 0000000000000,00
2402000	 0000002760619,00	 0000032810400,00	 0000000000000,00	 0000007803447,00
2402100	 0000002760127,00	 0000027300631,00	 0000000000000,00	 0000007614834,00
2402200	 0000000000492,00	 0000005415764,00	 0000000000000,00	 0000000188613,00
2402300	 0000000000000,00	 0000000094005,00	 0000000000000,00	 0000000000000,00
2500000	 0000000515881,00	 0000000064410,00	 0000000077266,00	 0000000922447,00
2500100	 0000000148352,00	 0000000056663,00	 0000000077266,00	 0000000004377,00
2500200	 0000000364236,00	 0000000007747,00	 0000000000000,00	 0000000110784,00
2500300	 0000000003293,00	 0000000000000,00	 0000000000000,00	 0000000807286,00
2600000	 0000000093694,00	 0000000000000,00	 0000000000000,00	 0000000000000,00
2650000	 0000000054413,00	 0000000000000,00	 0000000000000,00	 0000000000427,00
2700000	 0000002118117,00	 0000000000000,00	 0000000000000,00	 0000000143822,00
2700100	 0000000405625,00	 0000000000000,00	 0000000000000,00	 0000000093380,00
2700200	 0000000544237,00	 0000000000000,00	 0000000000000,00	 0000000000000,00
2700300	 0000000272471,00	 0000000000000,00	 0000000000000,00	 0000000038478,00
2700400	 0000000895784,00	 0000000000000,00	 0000000000000,00	 0000000011964,00
2700401	 0000000013893,00	 0000000000000,00	 0000000000000,00	 0000000006490,00
2700402	 0000000000000,00	 0000000000000,00	 0000000000000,00	 0000000000000,00
2700411	 0000000417929,00	 0000000000000,00	 0000000000000,00	 0000000002156,00
2700412	 0000000325689,00	 0000000000000,00	 0000000000000,00	 0000000002085,00
2700413	 0000000047431,00	 0000000000000,00	 0000000000000,00	 0000000000000,00
2700421	 0000000000591,00	 0000000000000,00	 0000000000000,00	 0000000000000,00
2700422	 0000000007807,00	 0000000000000,00	 0000000000000,00	 0000000000000,00
2700423	 0000000000088,00	 0000000000000,00	 0000000000000,00	 0000000000000,00
2700490	 0000000082356,00	 0000000000000,00	 0000000000000,00	 0000000001233,00
2800000	 0000002376533,00	 0000000417507,00	 0000000033667,00	 0000001044355,00
3000000	 0000017312238,00	 0000001617206,00	 0000000034522,00	 0000000146616,00
3101000	 0000010682328,00	 0000000000000,00	 0000000000000,00	 0000000000000,00
3102000	 0000005795527,00	 0000000000000,00	 0000000000000,00	 0000000000000,00
3103000	-0000000149267,00	 0000000003045,00	 0000000000000,00	-0000000000589,00
3104000	 0000000617672,00	 0000001614161,00	 0000000034522,00	 0000000145539,00
3104100	 0000001454489,00	 0000000000000,00	 0000000000000,00	 0000000000000,00
3104200	-0000000292584,00	 0000001614161,00	 0000000034522,00	 0000000145539,00
3104300	-0000000544233,00	 0000000000000,00	 0000000000000,00	 0000000000000,00
3200000	 0000000365978,00	 0000000000000,00	 0000000000000,00	 0000000001666,00
5001000	 0000016946260,00	 0000001617206,00	 0000000034522,00	 0000000144950,00
5002000	 0000132294640,00	 0000046869908,00	 0000000171508,00	 0000052690777,00
5100000	 0000060448396,00	 0000076920074,00	 0000000534139,00	 0000028710318,00
