009	BANCO INTERNACIONAL
1000000	 0000001145806,00	 0000000807832,00	 0000000000148,00	 0000000201868,00
1100000	 0000000065192,00	 0000000000000,00	 0000000000000,00	 0000000015169,00
1100100	 0000000003340,00	 0000000000000,00	 0000000000000,00	 0000000008575,00
1100200	 0000000060409,00	 0000000000000,00	 0000000000000,00	 0000000000032,00
1100300	 0000000001443,00	 0000000000000,00	 0000000000000,00	 0000000000350,00
1100400	 0000000000000,00	 0000000000000,00	 0000000000000,00	 0000000006212,00
1130000	 0000000072731,00	 0000000000000,00	 0000000000000,00	 0000000063260,00
1130100	 0000000004575,00	 0000000000000,00	 0000000000000,00	 0000000002946,00
1130200	 0000000068156,00	 0000000000000,00	 0000000000000,00	 0000000060314,00
1150000	 0000000000000,00	 0000000000000,00	 0000000000000,00	 0000000000000,00
1150100	 0000000000000,00	 0000000000000,00	 0000000000000,00	 0000000000000,00
1150200	 0000000000000,00	 0000000000000,00	 0000000000000,00	 0000000000000,00
1150300	 0000000000000,00	 0000000000000,00	 0000000000000,00	 0000000000000,00
1150400	 0000000000000,00	 0000000000000,00	 0000000000000,00	 0000000000000,00
1160000	 0000000000000,00	 0000000000000,00	 0000000000000,00	 0000000000000,00
1160100	 0000000000000,00	 0000000000000,00	 0000000000000,00	 0000000000000,00
1160200	 0000000000000,00	 0000000000000,00	 0000000000000,00	 0000000000000,00
1250000	 0000000065449,00	 0000000006324,00	 0000000000000,00	 0000000000000,00
1250100	 0000000065316,00	 0000000006324,00	 0000000000000,00	 0000000000000,00
1250200	 0000000000133,00	 0000000000000,00	 0000000000000,00	 0000000000000,00
1270000	 0000000000000,00	 0000000000000,00	 0000000000000,00	 0000000000000,00
1270100	 0000000000000,00	 0000000000000,00	 0000000000000,00	 0000000000000,00
1270112	 0000000000000,00	 0000000000000,00	 0000000000000,00	 0000000000000,00
1270113	 0000000000000,00	 0000000000000,00	 0000000000000,00	 0000000000000,00
1270116	 0000000000000,00	 0000000000000,00	 0000000000000,00	 0000000000000,00
1270117	 0000000000000,00	 0000000000000,00	 0000000000000,00	 0000000000000,00
1270118	 0000000000000,00	 0000000000000,00	 0000000000000,00	 0000000000000,00
1270190	 0000000000000,00	 0000000000000,00	 0000000000000,00	 0000000000000,00
1270200	 0000000000000,00	 0000000000000,00	 0000000000000,00	 0000000000000,00
1270202	 0000000000000,00	 0000000000000,00	 0000000000000,00	 0000000000000,00
1270203	 0000000000000,00	 0000000000000,00	 0000000000000,00	 0000000000000,00
1270206	 0000000000000,00	 0000000000000,00	 0000000000000,00	 0000000000000,00
1270207	 0000000000000,00	 0000000000000,00	 0000000000000,00	 0000000000000,00
1270208	 0000000000000,00	 0000000000000,00	 0000000000000,00	 0000000000000,00
1270290	 0000000000000,00	 0000000000000,00	 0000000000000,00	 0000000000000,00
1270300	 0000000000000,00	 0000000000000,00	 0000000000000,00	 0000000000000,00
1300000	 0000000610157,00	 0000000666494,00	 0000000000148,00	 0000000104505,00
1302000	 0000000633816,00	 0000000638019,00	 0000000000148,00	 0000000104425,00
1302100	 0000000544526,00	 0000000485042,00	 0000000000003,00	 0000000042951,00
1302101	 0000000544060,00	 0000000461808,00	 0000000000003,00	 0000000042951,00
1302102	 0000000000000,00	 0000000000000,00	 0000000000000,00	 0000000000000,00
1302170	 0000000000000,00	 0000000003797,00	 0000000000000,00	 0000000000000,00
1302180	 0000000000000,00	 0000000003788,00	 0000000000000,00	 0000000000000,00
1302200	 0000000002515,00	 0000000000000,00	 0000000000000,00	 0000000060288,00
1302201	 0000000002515,00	 0000000000000,00	 0000000000000,00	 0000000030305,00
1302202	 0000000000000,00	 0000000000000,00	 0000000000000,00	 0000000000000,00
1302241	 0000000000000,00	 0000000000000,00	 0000000000000,00	 0000000029983,00
1302242	 0000000000000,00	 0000000000000,00	 0000000000000,00	 0000000000000,00
1302281	 0000000000000,00	 0000000000000,00	 0000000000000,00	 0000000000000,00
1302282	 0000000000000,00	 0000000000000,00	 0000000000000,00	 0000000000000,00
1302300	 0000000022105,00	 0000000000000,00	 0000000000000,00	 0000000000000,00
1302500	 0000000024934,00	 0000000000000,00	 0000000000000,00	 0000000001109,00
1302600	 0000000000000,00	 0000000042333,00	 0000000000000,00	 0000000000000,00
1302601	 0000000000000,00	 0000000038806,00	 0000000000000,00	 0000000000000,00
1302602	 0000000000000,00	 0000000003506,00	 0000000000000,00	 0000000000000,00
1302604	 0000000000000,00	 0000000000021,00	 0000000000000,00	 0000000000000,00
1302800	 0000000035964,00	 0000000110399,00	 0000000000145,00	 0000000000000,00
1302900	 0000000003772,00	 0000000000245,00	 0000000000000,00	 0000000000077,00
1304000	 0000000000000,00	 0000000028262,00	 0000000000000,00	 0000000000000,00
1304100	 0000000000000,00	 0000000014884,00	 0000000000000,00	 0000000000000,00
1304101	 0000000000000,00	 0000000014884,00	 0000000000000,00	 0000000000000,00
1304102	 0000000000000,00	 0000000000000,00	 0000000000000,00	 0000000000000,00
1304200	 0000000000000,00	 0000000010655,00	 0000000000000,00	 0000000000000,00
1304400	 0000000000000,00	 0000000000000,00	 0000000000000,00	 0000000000000,00
1304500	 0000000000000,00	 0000000002723,00	 0000000000000,00	 0000000000000,00
1304600	 0000000000000,00	 0000000000000,00	 0000000000000,00	 0000000000000,00
1304800	 0000000000000,00	 0000000000000,00	 0000000000000,00	 0000000000000,00
1304900	 0000000000000,00	 0000000000000,00	 0000000000000,00	 0000000000000,00
1305000	 0000000005863,00	 0000000000213,00	 0000000000000,00	 0000000000080,00
1305100	 0000000003783,00	 0000000000192,00	 0000000000000,00	 0000000000000,00
1305300	 0000000001104,00	 0000000000000,00	 0000000000000,00	 0000000000000,00
1305400	 0000000000865,00	 0000000000000,00	 0000000000000,00	 0000000000080,00
1305800	 0000000000028,00	 0000000000021,00	 0000000000000,00	 0000000000000,00
1305900	 0000000000083,00	 0000000000000,00	 0000000000000,00	 0000000000000,00
1309000	-0000000029522,00	 0000000000000,00	 0000000000000,00	 0000000000000,00
1309100	-0000000028538,00	 0000000000000,00	 0000000000000,00	 0000000000000,00
1309200	-0000000000383,00	 0000000000000,00	 0000000000000,00	 0000000000000,00
1309300	-0000000000601,00	 0000000000000,00	 0000000000000,00	 0000000000000,00
1350000	 0000000252511,00	 0000000134695,00	 0000000000000,00	 0000000003124,00
1350100	 0000000252369,00	 0000000000646,00	 0000000000000,00	 0000000000000,00
1350200	 0000000000142,00	 0000000134049,00	 0000000000000,00	 0000000003124,00
1350300	 0000000000000,00	 0000000000000,00	 0000000000000,00	 0000000000000,00
1360000	 0000000000000,00	 0000000000000,00	 0000000000000,00	 0000000000000,00
1360100	 0000000000000,00	 0000000000000,00	 0000000000000,00	 0000000000000,00
1360200	 0000000000000,00	 0000000000000,00	 0000000000000,00	 0000000000000,00
1360300	 0000000000000,00	 0000000000000,00	 0000000000000,00	 0000000000000,00
1400000	 0000000000418,00	 0000000000000,00	 0000000000000,00	 0000000000000,00
1400100	 0000000000000,00	 0000000000000,00	 0000000000000,00	 0000000000000,00
1400101	 0000000000000,00	 0000000000000,00	 0000000000000,00	 0000000000000,00
1400103	 0000000000000,00	 0000000000000,00	 0000000000000,00	 0000000000000,00
1400200	 0000000000418,00	 0000000000000,00	 0000000000000,00	 0000000000000,00
1500000	 0000000009638,00	 0000000000000,00	 0000000000000,00	 0000000000000,00
1500100	 0000000000000,00	 0000000000000,00	 0000000000000,00	 0000000000000,00
1500200	 0000000009638,00	 0000000000000,00	 0000000000000,00	 0000000000000,00
1600000	 0000000002678,00	 0000000000000,00	 0000000000000,00	 0000000000000,00
1600100	 0000000001245,00	 0000000000000,00	 0000000000000,00	 0000000000000,00
1600200	 0000000001433,00	 0000000000000,00	 0000000000000,00	 0000000000000,00
1700000	 0000000003439,00	 0000000000000,00	 0000000000000,00	 0000000000000,00
1750000	 0000000011694,00	 0000000000000,00	 0000000000000,00	 0000000000000,00
1800000	 0000000051899,00	 0000000000319,00	 0000000000000,00	 0000000015810,00
1800100	 0000000000018,00	 0000000000091,00	 0000000000000,00	 0000000000000,00
1800200	 0000000001294,00	 0000000000000,00	 0000000000000,00	 0000000000000,00
1800900	 0000000050587,00	 0000000000228,00	 0000000000000,00	 0000000015810,00
2000000	 0000001557538,00	 0000000210296,00	 0000000000185,00	 0000000273836,00
2100000	 0000000108318,00	 0000000001237,00	 0000000000000,00	 0000000013614,00
2100100	 0000000076113,00	 0000000000000,00	 0000000000000,00	 0000000011839,00
2100109	 0000000065066,00	 0000000000000,00	 0000000000000,00	 0000000011329,00
2100110	 0000000010329,00	 0000000000000,00	 0000000000000,00	 0000000000510,00
2100200	 0000000013813,00	 0000000000000,00	 0000000000000,00	 0000000000000,00
2100300	 0000000018392,00	 0000000001237,00	 0000000000000,00	 0000000001775,00
2130000	 0000000060732,00	 0000000000000,00	 0000000000000,00	 0000000061023,00
2160000	 0000000000000,00	 0000000000000,00	 0000000000000,00	 0000000000000,00
2160100	 0000000000000,00	 0000000000000,00	 0000000000000,00	 0000000000000,00
2160200	 0000000000000,00	 0000000000000,00	 0000000000000,00	 0000000000000,00
2200000	 0000001216482,00	 0000000044394,00	 0000000000000,00	 0000000125510,00
2200100	 0000001216353,00	 0000000043465,00	 0000000000000,00	 0000000125510,00
2200200	 0000000000000,00	 0000000000152,00	 0000000000000,00	 0000000000000,00
2200900	 0000000000129,00	 0000000000777,00	 0000000000000,00	 0000000000000,00
2250000	 0000000062500,00	 0000000000100,00	 0000000000000,00	 0000000000000,00
2250100	 0000000062434,00	 0000000000100,00	 0000000000000,00	 0000000000000,00
2250200	 0000000000066,00	 0000000000000,00	 0000000000000,00	 0000000000000,00
2300000	 0000000000000,00	 0000000000000,00	 0000000000000,00	 0000000060142,00
2301000	 0000000000000,00	 0000000000000,00	 0000000000000,00	 0000000000000,00
2301001	 0000000000000,00	 0000000000000,00	 0000000000000,00	 0000000000000,00
2302000	 0000000000000,00	 0000000000000,00	 0000000000000,00	 0000000060142,00
2302100	 0000000000000,00	 0000000000000,00	 0000000000000,00	 0000000060142,00
2302200	 0000000000000,00	 0000000000000,00	 0000000000000,00	 0000000000000,00
2303000	 0000000000000,00	 0000000000000,00	 0000000000000,00	 0000000000000,00
2303100	 0000000000000,00	 0000000000000,00	 0000000000000,00	 0000000000000,00
2303900	 0000000000000,00	 0000000000000,00	 0000000000000,00	 0000000000000,00
2400000	 0000000052340,00	 0000000159276,00	 0000000000000,00	 0000000000000,00
2401000	 0000000000000,00	 0000000017732,00	 0000000000000,00	 0000000000000,00
2402000	 0000000052340,00	 0000000141544,00	 0000000000000,00	 0000000000000,00
2402100	 0000000052340,00	 0000000054655,00	 0000000000000,00	 0000000000000,00
2402200	 0000000000000,00	 0000000086889,00	 0000000000000,00	 0000000000000,00
2402300	 0000000000000,00	 0000000000000,00	 0000000000000,00	 0000000000000,00
2500000	 0000000000297,00	 0000000004702,00	 0000000000185,00	 0000000000000,00
2500100	 0000000000229,00	 0000000004702,00	 0000000000185,00	 0000000000000,00
2500200	 0000000000068,00	 0000000000000,00	 0000000000000,00	 0000000000000,00
2500300	 0000000000000,00	 0000000000000,00	 0000000000000,00	 0000000000000,00
2600000	 0000000004158,00	 0000000000000,00	 0000000000000,00	 0000000000000,00
2650000	 0000000001544,00	 0000000000000,00	 0000000000000,00	 0000000000000,00
2700000	 0000000004475,00	 0000000000000,00	 0000000000000,00	 0000000000000,00
2700100	 0000000000718,00	 0000000000000,00	 0000000000000,00	 0000000000000,00
2700200	 0000000002461,00	 0000000000000,00	 0000000000000,00	 0000000000000,00
2700300	 0000000001191,00	 0000000000000,00	 0000000000000,00	 0000000000000,00
2700400	 0000000000105,00	 0000000000000,00	 0000000000000,00	 0000000000000,00
2700401	 0000000000000,00	 0000000000000,00	 0000000000000,00	 0000000000000,00
2700402	 0000000000000,00	 0000000000000,00	 0000000000000,00	 0000000000000,00
2700411	 0000000000082,00	 0000000000000,00	 0000000000000,00	 0000000000000,00
2700412	 0000000000000,00	 0000000000000,00	 0000000000000,00	 0000000000000,00
2700413	 0000000000000,00	 0000000000000,00	 0000000000000,00	 0000000000000,00
2700421	 0000000000000,00	 0000000000000,00	 0000000000000,00	 0000000000000,00
2700422	 0000000000000,00	 0000000000000,00	 0000000000000,00	 0000000000000,00
2700423	 0000000000000,00	 0000000000000,00	 0000000000000,00	 0000000000000,00
2700490	 0000000000023,00	 0000000000000,00	 0000000000000,00	 0000000000000,00
2800000	 0000000046692,00	 0000000000587,00	 0000000000000,00	 0000000013547,00
3000000	 0000000113799,00	 0000000000000,00	 0000000000000,00	 0000000000000,00
3101000	 0000000093284,00	 0000000000000,00	 0000000000000,00	 0000000000000,00
3102000	 0000000006547,00	 0000000000000,00	 0000000000000,00	 0000000000000,00
3103000	-0000000000299,00	 0000000000000,00	 0000000000000,00	 0000000000000,00
3104000	 0000000014267,00	 0000000000000,00	 0000000000000,00	 0000000000000,00
3104100	 0000000008526,00	 0000000000000,00	 0000000000000,00	 0000000000000,00
3104200	 0000000008202,00	 0000000000000,00	 0000000000000,00	 0000000000000,00
3104300	-0000000002461,00	 0000000000000,00	 0000000000000,00	 0000000000000,00
3200000	 0000000000000,00	 0000000000000,00	 0000000000000,00	 0000000000000,00
5001000	 0000000113799,00	 0000000000000,00	 0000000000000,00	 0000000000000,00
5002000	 0000001671337,00	 0000000210296,00	 0000000000185,00	 0000000273836,00
5100000	 0000000639679,00	 0000000666494,00	 0000000000148,00	 0000000104505,00
