045	MUFG BANK LTD.
1000000	 0000000073897,00	 0000000000000,00	 0000000000000,00	 0000000084830,00
1100000	 0000000007190,00	 0000000000000,00	 0000000000000,00	 0000000016129,00
1100100	 0000000000057,00	 0000000000000,00	 0000000000000,00	 0000000000112,00
1100200	 0000000007106,00	 0000000000000,00	 0000000000000,00	 0000000000007,00
1100300	 0000000000027,00	 0000000000000,00	 0000000000000,00	 0000000000007,00
1100400	 0000000000000,00	 0000000000000,00	 0000000000000,00	 0000000016003,00
1130000	 0000000001964,00	 0000000000000,00	 0000000000000,00	 0000000005615,00
1130100	 0000000000001,00	 0000000000000,00	 0000000000000,00	 0000000000010,00
1130200	 0000000001963,00	 0000000000000,00	 0000000000000,00	 0000000005605,00
1150000	 0000000000000,00	 0000000000000,00	 0000000000000,00	 0000000000000,00
1150100	 0000000000000,00	 0000000000000,00	 0000000000000,00	 0000000000000,00
1150200	 0000000000000,00	 0000000000000,00	 0000000000000,00	 0000000000000,00
1150300	 0000000000000,00	 0000000000000,00	 0000000000000,00	 0000000000000,00
1150400	 0000000000000,00	 0000000000000,00	 0000000000000,00	 0000000000000,00
1160000	 0000000000000,00	 0000000000000,00	 0000000000000,00	 0000000000000,00
1160100	 0000000000000,00	 0000000000000,00	 0000000000000,00	 0000000000000,00
1160200	 0000000000000,00	 0000000000000,00	 0000000000000,00	 0000000000000,00
1250000	 0000000000617,00	 0000000000000,00	 0000000000000,00	 0000000000000,00
1250100	 0000000000617,00	 0000000000000,00	 0000000000000,00	 0000000000000,00
1250200	 0000000000000,00	 0000000000000,00	 0000000000000,00	 0000000000000,00
1270000	 0000000000000,00	 0000000000000,00	 0000000000000,00	 0000000000000,00
1270100	 0000000000000,00	 0000000000000,00	 0000000000000,00	 0000000000000,00
1270112	 0000000000000,00	 0000000000000,00	 0000000000000,00	 0000000000000,00
1270113	 0000000000000,00	 0000000000000,00	 0000000000000,00	 0000000000000,00
1270116	 0000000000000,00	 0000000000000,00	 0000000000000,00	 0000000000000,00
1270117	 0000000000000,00	 0000000000000,00	 0000000000000,00	 0000000000000,00
1270118	 0000000000000,00	 0000000000000,00	 0000000000000,00	 0000000000000,00
1270190	 0000000000000,00	 0000000000000,00	 0000000000000,00	 0000000000000,00
1270200	 0000000000000,00	 0000000000000,00	 0000000000000,00	 0000000000000,00
1270202	 0000000000000,00	 0000000000000,00	 0000000000000,00	 0000000000000,00
1270203	 0000000000000,00	 0000000000000,00	 0000000000000,00	 0000000000000,00
1270206	 0000000000000,00	 0000000000000,00	 0000000000000,00	 0000000000000,00
1270207	 0000000000000,00	 0000000000000,00	 0000000000000,00	 0000000000000,00
1270208	 0000000000000,00	 0000000000000,00	 0000000000000,00	 0000000000000,00
1270290	 0000000000000,00	 0000000000000,00	 0000000000000,00	 0000000000000,00
1270300	 0000000000000,00	 0000000000000,00	 0000000000000,00	 0000000000000,00
1300000	 0000000013705,00	 0000000000000,00	 0000000000000,00	 0000000009655,00
1302000	 0000000013945,00	 0000000000000,00	 0000000000000,00	 0000000009655,00
1302100	 0000000013945,00	 0000000000000,00	 0000000000000,00	 0000000008061,00
1302101	 0000000013945,00	 0000000000000,00	 0000000000000,00	 0000000008061,00
1302102	 0000000000000,00	 0000000000000,00	 0000000000000,00	 0000000000000,00
1302170	 0000000000000,00	 0000000000000,00	 0000000000000,00	 0000000000000,00
1302180	 0000000000000,00	 0000000000000,00	 0000000000000,00	 0000000000000,00
1302200	 0000000000000,00	 0000000000000,00	 0000000000000,00	 0000000001594,00
1302201	 0000000000000,00	 0000000000000,00	 0000000000000,00	 0000000000000,00
1302202	 0000000000000,00	 0000000000000,00	 0000000000000,00	 0000000001594,00
1302241	 0000000000000,00	 0000000000000,00	 0000000000000,00	 0000000000000,00
1302242	 0000000000000,00	 0000000000000,00	 0000000000000,00	 0000000000000,00
1302281	 0000000000000,00	 0000000000000,00	 0000000000000,00	 0000000000000,00
1302282	 0000000000000,00	 0000000000000,00	 0000000000000,00	 0000000000000,00
1302300	 0000000000000,00	 0000000000000,00	 0000000000000,00	 0000000000000,00
1302500	 0000000000000,00	 0000000000000,00	 0000000000000,00	 0000000000000,00
1302600	 0000000000000,00	 0000000000000,00	 0000000000000,00	 0000000000000,00
1302601	 0000000000000,00	 0000000000000,00	 0000000000000,00	 0000000000000,00
1302602	 0000000000000,00	 0000000000000,00	 0000000000000,00	 0000000000000,00
1302604	 0000000000000,00	 0000000000000,00	 0000000000000,00	 0000000000000,00
1302800	 0000000000000,00	 0000000000000,00	 0000000000000,00	 0000000000000,00
1302900	 0000000000000,00	 0000000000000,00	 0000000000000,00	 0000000000000,00
1304000	 0000000000000,00	 0000000000000,00	 0000000000000,00	 0000000000000,00
1304100	 0000000000000,00	 0000000000000,00	 0000000000000,00	 0000000000000,00
1304101	 0000000000000,00	 0000000000000,00	 0000000000000,00	 0000000000000,00
1304102	 0000000000000,00	 0000000000000,00	 0000000000000,00	 0000000000000,00
1304200	 0000000000000,00	 0000000000000,00	 0000000000000,00	 0000000000000,00
1304400	 0000000000000,00	 0000000000000,00	 0000000000000,00	 0000000000000,00
1304500	 0000000000000,00	 0000000000000,00	 0000000000000,00	 0000000000000,00
1304600	 0000000000000,00	 0000000000000,00	 0000000000000,00	 0000000000000,00
1304800	 0000000000000,00	 0000000000000,00	 0000000000000,00	 0000000000000,00
1304900	 0000000000000,00	 0000000000000,00	 0000000000000,00	 0000000000000,00
1305000	 0000000000000,00	 0000000000000,00	 0000000000000,00	 0000000000000,00
1305100	 0000000000000,00	 0000000000000,00	 0000000000000,00	 0000000000000,00
1305300	 0000000000000,00	 0000000000000,00	 0000000000000,00	 0000000000000,00
1305400	 0000000000000,00	 0000000000000,00	 0000000000000,00	 0000000000000,00
1305800	 0000000000000,00	 0000000000000,00	 0000000000000,00	 0000000000000,00
1305900	 0000000000000,00	 0000000000000,00	 0000000000000,00	 0000000000000,00
1309000	-0000000000240,00	 0000000000000,00	 0000000000000,00	 0000000000000,00
1309100	-0000000000240,00	 0000000000000,00	 0000000000000,00	 0000000000000,00
1309200	 0000000000000,00	 0000000000000,00	 0000000000000,00	 0000000000000,00
1309300	 0000000000000,00	 0000000000000,00	 0000000000000,00	 0000000000000,00
1350000	 0000000049277,00	 0000000000000,00	 0000000000000,00	 0000000051351,00
1350100	 0000000018001,00	 0000000000000,00	 0000000000000,00	 0000000000000,00
1350200	 0000000031276,00	 0000000000000,00	 0000000000000,00	 0000000051351,00
1350300	 0000000000000,00	 0000000000000,00	 0000000000000,00	 0000000000000,00
1360000	 0000000000000,00	 0000000000000,00	 0000000000000,00	 0000000000000,00
1360100	 0000000000000,00	 0000000000000,00	 0000000000000,00	 0000000000000,00
1360200	 0000000000000,00	 0000000000000,00	 0000000000000,00	 0000000000000,00
1360300	 0000000000000,00	 0000000000000,00	 0000000000000,00	 0000000000000,00
1400000	 0000000000000,00	 0000000000000,00	 0000000000000,00	 0000000000000,00
1400100	 0000000000000,00	 0000000000000,00	 0000000000000,00	 0000000000000,00
1400101	 0000000000000,00	 0000000000000,00	 0000000000000,00	 0000000000000,00
1400103	 0000000000000,00	 0000000000000,00	 0000000000000,00	 0000000000000,00
1400200	 0000000000000,00	 0000000000000,00	 0000000000000,00	 0000000000000,00
1500000	 0000000000081,00	 0000000000000,00	 0000000000000,00	 0000000000000,00
1500100	 0000000000000,00	 0000000000000,00	 0000000000000,00	 0000000000000,00
1500200	 0000000000081,00	 0000000000000,00	 0000000000000,00	 0000000000000,00
1600000	 0000000000112,00	 0000000000000,00	 0000000000000,00	 0000000000000,00
1600100	 0000000000027,00	 0000000000000,00	 0000000000000,00	 0000000000000,00
1600200	 0000000000085,00	 0000000000000,00	 0000000000000,00	 0000000000000,00
1700000	 0000000000181,00	 0000000000000,00	 0000000000000,00	 0000000000000,00
1750000	 0000000000517,00	 0000000000000,00	 0000000000000,00	 0000000000000,00
1800000	 0000000000253,00	 0000000000000,00	 0000000000000,00	 0000000002080,00
1800100	 0000000000000,00	 0000000000000,00	 0000000000000,00	 0000000000000,00
1800200	 0000000000000,00	 0000000000000,00	 0000000000000,00	 0000000000000,00
1800900	 0000000000253,00	 0000000000000,00	 0000000000000,00	 0000000002080,00
2000000	 0000000019764,00	 0000000000000,00	 0000000000000,00	 0000000084789,00
2100000	 0000000009132,00	 0000000000000,00	 0000000000000,00	 0000000056198,00
2100100	 0000000007344,00	 0000000000000,00	 0000000000000,00	 0000000056166,00
2100109	 0000000007344,00	 0000000000000,00	 0000000000000,00	 0000000056162,00
2100110	 0000000000000,00	 0000000000000,00	 0000000000000,00	 0000000000004,00
2100200	 0000000001778,00	 0000000000000,00	 0000000000000,00	 0000000000000,00
2100300	 0000000000010,00	 0000000000000,00	 0000000000000,00	 0000000000032,00
2130000	 0000000005496,00	 0000000000000,00	 0000000000000,00	 0000000002131,00
2160000	 0000000000000,00	 0000000000000,00	 0000000000000,00	 0000000000000,00
2160100	 0000000000000,00	 0000000000000,00	 0000000000000,00	 0000000000000,00
2160200	 0000000000000,00	 0000000000000,00	 0000000000000,00	 0000000000000,00
2200000	 0000000001328,00	 0000000000000,00	 0000000000000,00	 0000000026082,00
2200100	 0000000001328,00	 0000000000000,00	 0000000000000,00	 0000000026082,00
2200200	 0000000000000,00	 0000000000000,00	 0000000000000,00	 0000000000000,00
2200900	 0000000000000,00	 0000000000000,00	 0000000000000,00	 0000000000000,00
2250000	 0000000000654,00	 0000000000000,00	 0000000000000,00	 0000000000000,00
2250100	 0000000000654,00	 0000000000000,00	 0000000000000,00	 0000000000000,00
2250200	 0000000000000,00	 0000000000000,00	 0000000000000,00	 0000000000000,00
2300000	 0000000000000,00	 0000000000000,00	 0000000000000,00	 0000000000000,00
2301000	 0000000000000,00	 0000000000000,00	 0000000000000,00	 0000000000000,00
2301001	 0000000000000,00	 0000000000000,00	 0000000000000,00	 0000000000000,00
2302000	 0000000000000,00	 0000000000000,00	 0000000000000,00	 0000000000000,00
2302100	 0000000000000,00	 0000000000000,00	 0000000000000,00	 0000000000000,00
2302200	 0000000000000,00	 0000000000000,00	 0000000000000,00	 0000000000000,00
2303000	 0000000000000,00	 0000000000000,00	 0000000000000,00	 0000000000000,00
2303100	 0000000000000,00	 0000000000000,00	 0000000000000,00	 0000000000000,00
2303900	 0000000000000,00	 0000000000000,00	 0000000000000,00	 0000000000000,00
2400000	 0000000000000,00	 0000000000000,00	 0000000000000,00	 0000000000000,00
2401000	 0000000000000,00	 0000000000000,00	 0000000000000,00	 0000000000000,00
2402000	 0000000000000,00	 0000000000000,00	 0000000000000,00	 0000000000000,00
2402100	 0000000000000,00	 0000000000000,00	 0000000000000,00	 0000000000000,00
2402200	 0000000000000,00	 0000000000000,00	 0000000000000,00	 0000000000000,00
2402300	 0000000000000,00	 0000000000000,00	 0000000000000,00	 0000000000000,00
2500000	 0000000000000,00	 0000000000000,00	 0000000000000,00	 0000000000000,00
2500100	 0000000000000,00	 0000000000000,00	 0000000000000,00	 0000000000000,00
2500200	 0000000000000,00	 0000000000000,00	 0000000000000,00	 0000000000000,00
2500300	 0000000000000,00	 0000000000000,00	 0000000000000,00	 0000000000000,00
2600000	 0000000000082,00	 0000000000000,00	 0000000000000,00	 0000000000000,00
2650000	 0000000000052,00	 0000000000000,00	 0000000000000,00	 0000000000000,00
2700000	 0000000002639,00	 0000000000000,00	 0000000000000,00	 0000000000000,00
2700100	 0000000002521,00	 0000000000000,00	 0000000000000,00	 0000000000000,00
2700200	 0000000000000,00	 0000000000000,00	 0000000000000,00	 0000000000000,00
2700300	 0000000000020,00	 0000000000000,00	 0000000000000,00	 0000000000000,00
2700400	 0000000000098,00	 0000000000000,00	 0000000000000,00	 0000000000000,00
2700401	 0000000000000,00	 0000000000000,00	 0000000000000,00	 0000000000000,00
2700402	 0000000000000,00	 0000000000000,00	 0000000000000,00	 0000000000000,00
2700411	 0000000000000,00	 0000000000000,00	 0000000000000,00	 0000000000000,00
2700412	 0000000000000,00	 0000000000000,00	 0000000000000,00	 0000000000000,00
2700413	 0000000000000,00	 0000000000000,00	 0000000000000,00	 0000000000000,00
2700421	 0000000000000,00	 0000000000000,00	 0000000000000,00	 0000000000000,00
2700422	 0000000000000,00	 0000000000000,00	 0000000000000,00	 0000000000000,00
2700423	 0000000000000,00	 0000000000000,00	 0000000000000,00	 0000000000000,00
2700490	 0000000000098,00	 0000000000000,00	 0000000000000,00	 0000000000000,00
2800000	 0000000000381,00	 0000000000000,00	 0000000000000,00	 0000000000378,00
3000000	 0000000054174,00	 0000000000000,00	 0000000000000,00	 0000000000000,00
3101000	 0000000049365,00	 0000000000000,00	 0000000000000,00	 0000000000000,00
3102000	 0000000009033,00	 0000000000000,00	 0000000000000,00	 0000000000000,00
3103000	 0000000000000,00	 0000000000000,00	 0000000000000,00	 0000000000000,00
3104000	-0000000004224,00	 0000000000000,00	 0000000000000,00	 0000000000000,00
3104100	 0000000001066,00	 0000000000000,00	 0000000000000,00	 0000000000000,00
3104200	-0000000005290,00	 0000000000000,00	 0000000000000,00	 0000000000000,00
3104300	 0000000000000,00	 0000000000000,00	 0000000000000,00	 0000000000000,00
3200000	 0000000000000,00	 0000000000000,00	 0000000000000,00	 0000000000000,00
5001000	 0000000054174,00	 0000000000000,00	 0000000000000,00	 0000000000000,00
5002000	 0000000073938,00	 0000000000000,00	 0000000000000,00	 0000000084789,00
5100000	 0000000013945,00	 0000000000000,00	 0000000000000,00	 0000000009655,00
